#SeaDAS Color Palette Definition File
# Created by Daniel Knowles
#Mon Nov 30 16:25:29 EST 2015
isLogScaled=true
numPoints=21
autoDistribute=false
color0=0,0,100
color1=3,0,130
color2=20,3,170
color3=45,15,210
color4=70,35,255
color5=100,65,255
color6=135,95,255
color7=165,130,255
color8=190,170,255
color9=215,205,255
color10=230,230,230
color11=240,240,190
color12=250,240,120
color13=255,230,60
color14=230,190,25
color15=200,155,10
color16=170,120,4
color17=138,90,1
color18=109,65,0
color19=85,45,0
color20=65,30,0
sample0=0.01
sample1=0.014623505735569623
sample2=0.021384691999823766
sample3=0.03127191661128125
sample4=0.04573050519273263
sample5=0.0668740304976422
sample6=0.09779327685429282
sample7=0.1430080544978899
sample8=0.2091279105182546
sample9=0.30581831989313873
sample10=0.447213595499958
sample11=0.6539830578818345
sample12=0.9563524997900368
sample13=1.398522626590595
sample14=2.045130365127145
sample15=2.9906975624424414
sample16=4.373448295773111
sample17=6.395514623745525
sample18=9.352484478226213
sample19=13.676611040916681
sample20=20.000000000000004
