#SeaDAS Color Palette Definition File
#Mon Aug 01 16:27:42 EDT 2016
numPoints=41
autoDistribute=false
isLogScaled=true
color40=0,0,130
color39=0,0,144
color38=0,0,161
color37=0,0,182
color36=0,3,202
color35=0,8,220
color34=0,20,235
color33=0,39,246
color32=0,62,251
color31=1,85,254
color30=2,109,255
color29=4,134,255
color28=6,160,255
color27=10,185,254
color26=15,205,252
color25=25,220,248
color24=45,231,242
color23=70,239,234
color22=100,244,224
color21=135,246,210
color20=165,246,192
color19=190,246,170
color18=210,246,145
color17=227,246,115
color16=231,246,80
color15=220,248,50
color14=205,253,30
color13=185,255,18
color12=160,255,10
color11=134,255,6
color10=109,255,4
color9=85,254,2
color8=62,251,1
color7=39,246,0
color6=20,235,0
color5=8,220,0
color4=3,202,0
color3=0,182,0
color2=0,161,0
color1=0,144,0
color0=0,130,0
sample0=0.01
sample1=0.012092679186544957
sample2=0.014623400141596589
sample3=0.017683743064910107
sample4=0.02138454571151562
sample5=0.025859841641519894
sample6=0.031271714571162165
sample7=0.03781616862843093
sample8=0.04573022711881248
sample9=0.05530051690022154
sample10=0.06687364927111039
sample11=0.08086877334084329
sample12=0.09779275653314574
sample13=0.1182585420214487
sample14=0.14300734795525114
sample15=0.17293551247642686
sample16=0.20912695678296614
sample17=0.25289244196888694
sample18=0.30581704142216165
sample19=0.3698175481088921
sample20=0.4472118958880289
sample21=0.5408031091182183
sample22=0.6539808209957784
sample23=0.7908440373570774
sample24=0.9563495921347216
sample25=1.1564916711426017
sample26=1.398518906079898
sample27=1.6911969013408885
sample28=2.045125701676869
sample29=2.473123698572966
sample30=2.990691879442039
sample31=3.616575233548386
sample32=4.373441647340735
sample33=5.288702877038747
sample34=6.3955073319899665
sample35=7.733940624858767
sample36=9.352477369489586
sample37=11.30973680683151
sample38=13.676605843183157
sample39=16.538806391746135
sample40=20.0
