#SeaDAS Color Palette Definition File
# Created by Daniel Knowles
#Mon Nov 30 16:25:29 EST 2015
isLogScaled=true
numPoints=21
autoDistribute=false
color0=0,30,100
color1=0,45,130
color2=1,65,170
color3=4,90,210
color4=17,120,255
color5=35,150,255
color6=65,175,255
color7=100,190,255
color8=150,205,255
color9=195,220,255
color10=230,230,230
color11=240,240,190
color12=240,250,120
color13=230,255,60
color14=190,230,25
color15=155,200,10
color16=120,170,4
color17=90,138,1
color18=65,109,0
color19=45,85,0
color20=30,65,0
sample0=0.01
sample1=0.014623505735569623
sample2=0.021384691999823766
sample3=0.03127191661128125
sample4=0.04573050519273263
sample5=0.0668740304976422
sample6=0.09779327685429282
sample7=0.1430080544978899
sample8=0.2091279105182546
sample9=0.30581831989313873
sample10=0.447213595499958
sample11=0.6539830578818345
sample12=0.9563524997900368
sample13=1.398522626590595
sample14=2.045130365127145
sample15=2.9906975624424414
sample16=4.373448295773111
sample17=6.395514623745525
sample18=9.352484478226213
sample19=13.676611040916681
sample20=20.000000000000004
