#SeaDAS Color Palette Definition File
# Created by Daniel Knowles
#Mon Nov 30 16:25:29 EST 2015
isLogScaled=true
numPoints=21
autoDistribute=false
color0=20,30,110
color1=21,45,140
color2=22,65,175
color3=23,90,215
color4=27,120,255
color5=35,150,255
color6=50,190,255
color7=75,220,255
color8=110,245,250
color9=145,250,245
color10=180,255,220
color11=190,250,170
color12=205,245,110
color13=215,240,50
color14=200,230,20
color15=155,220,8
color16=100,200,3
color17=70,155,1
color18=45,115,0
color19=30,85,0
color20=20,65,0
sample0=0.01
sample1=0.014623505735569623
sample2=0.021384691999823766
sample3=0.03127191661128125
sample4=0.04573050519273263
sample5=0.0668740304976422
sample6=0.09779327685429282
sample7=0.1430080544978899
sample8=0.2091279105182546
sample9=0.30581831989313873
sample10=0.447213595499958
sample11=0.6539830578818345
sample12=0.9563524997900368
sample13=1.398522626590595
sample14=2.045130365127145
sample15=2.9906975624424414
sample16=4.373448295773111
sample17=6.395514623745525
sample18=9.352484478226213
sample19=13.676611040916681
sample20=20.000000000000004
