
autoDistribute=false
color0	=	52	,	0	,	55
color1	=	79	,	0	,	91
color2	=	98	,	0	,	140
color3	=	96	,	0	,	168
color4	=	77	,	0	,	205
color5	=	41	,	0	,	205
color6	=	3	,	5	,	211
color7	=	0	,	34	,	239
color8	=	10	,	83	,	231
color9	=	15	,	120	,	231
color10	=	23	,	192	,	238
color11	=	30	,	239	,	240
color12	=	31	,	238	,	122
color13	=	33	,	244	,	7
color14	=	48	,	245	,	0
color15	=	74	,	252	,	0
color16	=	104	,	251	,	0
color17	=	139	,	251	,	0
color18	=	165	,	255	,	0
color19	=	201	,	255	,	0
color20	=	245	,	250	,	0
color21	=	242	,	211	,	0
color22	=	247	,	170	,	0
color23	=	248	,	130	,	0
color24	=	246	,	94	,	0
color25	=	244	,	52	,	0
color26	=	247	,	0	,	0
color27	=	246	,	0	,	0
color28	=	248	,	0	,	0
color29	=	246	,	0	,	0
color30	=	248	,	0	,	0
color31	=	245	,	0	,	0
color32	=	245	,	0	,	0
color33	=	225	,	0	,	0
color34	=	191	,	0	,	0
color35	=	180	,	0	,	0
color36	=	154	,	0	,	0
color37	=	135	,	0	,	0
color38	=	97	,	0	,	0
isLogScaled=false
numPoints=39
sample0=380.0
sample10=479.99999999999994
sample11=489.99999999999994
sample12=499.99999999999994
sample13=509.99999999999994
sample14=520.0
sample15=530.0
sample16=540.0
sample17=550.0
sample18=560.0
sample19=570.0
sample1=390.0
sample20=580.0
sample21=590.0
sample22=600.0
sample23=610.0
sample24=620.0
sample25=630.0
sample26=640.0
sample27=650.0
sample28=660.0
sample29=670.0
sample2=400.0
sample30=680.0
sample31=690.0
sample32=700.0
sample33=710.0
sample34=720.0
sample35=730.0
sample36=740.0
sample37=750.0
sample38=760.0
sample3=409.99999999999994
sample4=419.99999999999994
sample5=429.99999999999994
sample6=439.99999999999994
sample7=449.99999999999994
sample8=459.99999999999994
sample9=469.99999999999994
