#BEAM Colour Palette Definition File
#Fri Oct 09 15:14:43 EDT 2015
autoDistribute=false
color0=6,15,80
color10=190,220,200
color11=149,193,128
color12=111,165,80
color13=81,144,52
color14=60,122,34
color15=44,106,22
color16=33,92,14
color17=24,79,9
color18=18,68,6
color19=13,59,4
color1=8,19,95
color20=10,51,3
color2=12,25,110
color3=17,33,127
color4=24,43,140
color5=33,57,150
color6=46,73,163
color7=65,94,170
color8=93,127,178
color9=132,171,189
isLogScaled=false
numPoints=21
sample0=-1.0
sample10=2.220446049250313E-16
sample11=0.10000000000000009
sample12=0.19999999999999996
sample13=0.30000000000000004
sample14=0.3999999999999999
sample15=0.5000000000000002
sample16=0.5999999999999999
sample17=0.7000000000000002
sample18=0.7999999999999998
sample19=0.9000000000000001
sample1=-0.8999999999999999
sample20=1.0
sample2=-0.7999999999999998
sample3=-0.7000000000000001
sample4=-0.5999999999999999
sample5=-0.4999999999999999
sample6=-0.4
sample7=-0.30000000000000004
sample8=-0.19999999999999984
sample9=-0.09999999999999987
