#BEAM Colour Palette Definition File
#Fri Oct 16 12:16:14 EDT 2015
autoDistribute=false
color0=17,33,130
color10=196,217,200
color11=149,193,128
color12=111,165,80
color13=81,144,52
color14=60,122,34
color15=44,106,22
color16=33,92,14
color17=24,79,9
color18=18,68,6
color19=13,59,4
color1=22,40,134
color20=10,51,3
color2=28,48,140
color3=35,58,147
color4=45,70,153
color5=57,85,159
color6=72,102,167
color7=92,124,174
color8=117,150,182
color9=150,180,191
isLogScaled=true
numPoints=21
sample0=0.010000000000000236
sample10=0.14999777738134265
sample11=0.2446878291030721
sample12=0.3991534725141956
sample13=0.6508820905092374
sample14=1.0617685709027316
sample15=1.7320379752265325
sample16=2.82543261294334
sample17=4.609061443493882
sample18=7.51579468601549
sample19=12.260338238413665
sample1=0.0131091778521073
sample20=20.000000000000078
sample2=0.01718505439581765
sample3=0.022536761089102766
sample4=0.02954384093274926
sample5=0.03872954652217687
sample6=0.05077125134906682
sample7=0.06655693637089441
sample8=0.08728385370595705
sample9=0.11442195618486779
