#BEAM Colour Palette Definition File
#Fri Oct 09 14:53:57 EDT 2015
autoDistribute=false
color0=6,15,80
color10=190,220,200
color11=149,193,128
color12=111,165,80
color13=81,144,52
color14=60,122,34
color15=44,106,22
color16=33,92,14
color17=24,79,9
color18=18,68,6
color19=13,59,4
color1=8,19,95
color20=10,51,3
color2=12,25,110
color3=17,33,127
color4=24,43,140
color5=33,57,150
color6=46,73,163
color7=65,94,170
color8=93,127,178
color9=132,171,189
isLogScaled=true
numPoints=21
sample0=0.01
sample10=0.15
sample11=0.23590070565802942
sample12=0.43458004107853754
sample13=0.6174849552577297
sample14=0.8773704126479531
sample15=1.2056198459070497
sample16=1.6846217060635702
sample17=2.4358827962982406
sample18=3.988963477597564
sample19=7.90195144556176
sample1=0.02256212606683168
sample20=20.0
sample2=0.035809365265135666
sample3=0.0459661393435831
sample4=0.05406608754663683
sample5=0.06368539211128514
sample6=0.07388920122441044
sample7=0.08474605186425671
sample8=0.09844288169954861
sample9=0.12
