#BEAM Colour Palette Definition File
#Wed Oct 07 14:49:12 EDT 2015
autoDistribute=false
color0=25,57,160
color10=210,221,196
color11=189,218,153
color12=159,199,113
color13=129,180,81
color14=107,165,56
color15=90,150,39
color16=74,133,28
color17=63,117,20
color18=54,105,15
color19=48,97,12
color1=31,65,160
color20=44,91,10
color2=38,73,162
color3=48,82,166
color4=61,94,172
color5=77,109,178
color6=98,127,187
color7=123,147,195
color8=151,171,203
color9=180,197,210
isLogScaled=true
numPoints=21
sample0=0.010000000000000198
sample10=0.15000000000000205
sample11=0.22089775589511268
sample12=0.338174968871246
sample13=0.5276528848328824
sample14=0.8487228610575138
sample15=1.3966626779407478
sample16=2.289632678157108
sample17=3.8842052210285303
sample18=6.564281243071426
sample19=11.567431581848954
sample1=0.012307311717736375
sample20=20.000000000000018
sample2=0.015135477710086321
sample3=0.019232272105276886
sample4=0.02388674718286567
sample5=0.0309348616770985
sample6=0.04036844542651489
sample7=0.053894434084288505
sample8=0.07333351637650976
sample9=0.10286599459928714
