#BEAM Colour Palette Definition File
#Tue Oct 13 17:27:49 EDT 2015
autoDistribute=false
color0=17,33,130
color10=190,220,200
color11=149,193,128
color12=111,165,80
color13=81,144,52
color14=60,122,34
color15=44,106,22
color16=33,92,14
color17=24,79,9
color18=18,68,6
color19=13,59,4
color1=22,40,134
color20=10,51,3
color2=28,48,140
color3=35,58,147
color4=45,70,153
color5=57,85,159
color6=72,102,167
color7=92,124,174
color8=117,150,182
color9=150,180,191
isLogScaled=true
numPoints=21
sample0=0.010000000000000226
sample10=0.1499977773813425
sample11=0.24468782910307196
sample12=0.3991534725141954
sample13=0.6508820905092373
sample14=1.0617685709027305
sample15=1.7320379752265325
sample16=2.82543261294334
sample17=4.609061443493886
sample18=7.515794686015482
sample19=12.260338238413661
sample1=0.013109177852107285
sample20=20.000000000000075
sample2=0.017185054395817634
sample3=0.02253676108910274
sample4=0.029543840932749234
sample5=0.03872954652217682
sample6=0.05077125134906678
sample7=0.06655693637089434
sample8=0.08728385370595697
sample9=0.11442195618486777
