#SeaDAS Color Palette Definition File
#Tue Nov 24 15:43:58 EST 2015
isLogScaled=true
numPoints=21
autoDistribute=false
color0=20,40,140
color1=30,50,155
color2=41,65,170
color3=55,80,185
color4=70,100,200
color5=90,125,215
color6=120,150,230
color7=155,185,245
color8=190,212,255
color9=210,218,240
color10=220,220,220
color11=240,240,200
color12=240,240,140
color13=240,240,105
color14=210,210,75
color15=175,175,55
color16=145,145,40
color17=125,125,27
color18=110,110,18
color19=95,95,12
color20=80,80,8
sample0=0.01
sample1=0.014623505735569621
sample2=0.021384691999823763
sample3=0.03127191661128126
sample4=0.04573050519273263
sample5=0.06687403049764218
sample6=0.09779327685429283
sample7=0.1430080544978899
sample8=0.20912791051825463
sample9=0.30581831989313857
sample10=0.44721359549995787
sample11=0.653983057881834
sample12=0.9563524997900367
sample13=1.3985226265905935
sample14=2.045130365127145
sample15=2.9906975624424392
sample16=4.3734482957731124
sample17=6.395514623745523
sample18=9.352484478226213
sample19=13.676611040916688
sample20=20.000000000000014
